0.000000
0.000000
0.000000
0.000000
0.000000
0.000000
0.000000
0.000000
0.000000
0.000000
0.000000
0.000000
0.000000
0.000000
0.000000
0.000000
0.000000
0.000000
0.000000
0.000000
0.000000
0.000000
0.000000
0.000000
0.000000
0.000000
0.000000
0.000000
0.000000
0.000000
0.000000
0.000000
0.000000
0.000000
0.000000
0.000000
0.000000
0.000000
0.000000
0.000000
0.000000
0.000000
0.000000
0.000000
0.000000
0.000000
0.000000
0.000000
0.000000
0.000000
0.000000
0.000000
0.000000
0.000000
0.000000
0.000000
0.000000
0.000000
0.000000
0.000000
0.000000
0.000000
0.000000
0.000000
0.000000
0.000000
0.000000
0.000000
0.000000
0.000000
0.000000
0.000000
0.000000
0.000000
0.000000
0.000000
0.000000
0.000000
0.000000
0.000000
0.000000
0.000000
0.000000
0.000000
0.000000
0.000000
0.000000
0.000000
0.000000
0.000000
0.000000
0.000000
0.000000
0.000000
0.000000
0.000000
0.000000
0.000000
0.000000
0.000000
0.000000
0.000000
0.000000
0.000000
0.000000
0.000000
0.000000
0.000000
0.000000
0.000000
0.000000
0.000000
0.000000
0.000000
0.000000
0.000000
0.000000
0.000000
0.000000
0.000000
0.000000
0.000000
0.000000
0.000000
0.000000
0.000000
0.000000
0.000000
0.000000
0.000000
0.000000
0.000000
0.000000
0.000000
0.000000
0.000000
0.000000
0.000000
0.000000
0.000000
0.000000
0.010000
0.009900
0.009801
0.009703
0.009606
0.009510
0.009415
0.009321
0.009227
0.009135
0.009044
0.008953
0.008864
0.008775
0.008687
0.008601
0.008515
0.008429
0.008345
0.008262
0.008179
0.008097
0.008016
0.007936
0.007857
0.007778
0.007700
0.007623
0.007547
0.007472
0.007397
0.007323
0.007250
0.007177
0.007106
0.007034
0.006964
0.006894
0.006826
0.006757
0.006690
0.016623
0.016457
0.016292
0.016129
0.025968
0.025708
0.025451
0.025197
0.024945
0.024695
0.024448
0.024204
0.023962
0.023722
0.023485
0.023250
0.023017
0.022787
0.022559
0.032334
0.032010
0.031690
0.031373
0.031060
0.030749
0.030442
0.030137
0.029836
0.029538
0.039242
0.038850
0.038461
0.038077
0.037696
0.037319
0.036946
0.036576
0.046210
0.045748
0.045291
0.044838
0.044390
0.043946
0.053506
0.052971
0.052441
0.061917
0.071298
0.070585
0.069879
0.069180
0.078488
0.077704
0.086927
0.096057
0.095097
0.094146
0.093204
0.102272
0.101250
0.100237
0.099235
0.098242
0.097260
0.096287
0.095324
0.104371
0.103327
0.112294
0.111171
0.110060
0.118959
0.127769
0.126492
0.125227
0.123974
0.132735
0.131407
0.130093
0.138792
0.137404
0.136030
0.134670
0.133323
0.141990
0.140570
0.149165
0.147673
0.156196
0.154634
0.153088
0.151557
0.160041
0.168441
0.166757
0.165089
0.163438
0.161804
0.160186
0.168584
0.166898
0.165229
0.173577
0.171841
0.180123
0.178321
0.186538
0.194673
0.202726
0.210699
0.208592
0.206506
0.204441
0.202396
0.200372
0.198369
0.196385
0.194421
0.192477
0.200552
0.208547
0.206461
0.204397
0.212353
0.220229
0.218027
0.225847
0.233588
0.231252
0.228940
0.236650
0.234284
0.231941
0.229622
0.227325
0.235052
0.232702
0.230375
0.238071
0.245690
0.253233
0.260701
0.268094
0.265413
0.272759
0.280031
0.277231
0.274459
0.271714
0.268997
0.266307
0.273644
0.270907
0.278198
0.275416
0.282662
0.279836
0.277037
0.274267
0.281524
0.288709
0.285822
0.292964
0.300034
0.307034
0.313963
0.310824
0.307715
0.314638
0.321492
0.328277
0.334994
0.341644
0.338228
0.334846
0.341497
0.338082
0.344701
0.351254
0.357742
0.364164
0.370523
0.366817
0.373149
0.379418
0.385624
0.381767
0.387950
0.394070
0.400129
0.396128
0.402167
0.408145
0.404064
0.400023
0.406023
0.411963
0.417843
0.423665
0.419428
0.425234
0.430981
0.436672
0.432305
0.427982
0.423702
0.419465
0.425270
0.421018
0.426807
0.422539
0.418314
0.414131
0.419989
0.425790
0.431532
0.427216
0.432944
0.438615
0.444229
0.439786
0.445388
0.450935
0.456425
0.461861
0.467242
0.472570
0.477844
0.483066
0.478235
0.473453
0.478718
0.473931
0.479192
0.484400
0.489556
0.494660
0.499714
0.504717
0.509669
0.514573
0.519427
0.524233
0.528990
0.533700
0.528363
0.523080
0.527849
0.532571
0.527245
0.531972
0.536653
0.531286
0.535973
0.540614
0.535207
0.539855
0.544457
0.549012
0.553522
0.557987
0.562407
0.566783
0.571115
0.565404
0.569750
0.574052
0.578312
0.582529
0.586703
0.590836
0.594928
0.598979
0.602989
0.606959
0.610890
0.614781
0.608633
0.612547
0.606421
0.610357
0.614253
0.618111
0.621930
0.615710
0.619553
0.623358
0.627124
0.630853
0.634544
0.638199
0.641817
0.645399
0.648945
0.652455
0.655931
0.659371
0.652778
0.656250
0.659687
0.653091
0.656560
0.659994
0.663394
0.666760
0.670093
0.673392
0.676658
0.679891
0.673092
0.676361
0.669598
0.662902
0.666273
0.659610
0.653014
0.656484
0.649919
0.653420
0.646886
0.650417
0.653913
0.647373
0.640900
0.644491
0.648046
0.641565
0.635150
0.638798
0.642410
0.645986
0.649526
0.653031
0.656501
0.659936
0.653336
0.646803
0.650335
0.653832
0.657293
0.650720
0.654213
0.657671
0.661094
0.664483
0.667838
0.671160
0.664448
0.667804
0.671126
0.674415
0.677671
0.680894
0.684085
0.687244
0.690372
0.693468
0.696533
0.699568
0.692572
0.695646
0.698690
0.691703
0.694786
0.687838
0.680960
0.684150
0.687309
0.690436
0.683531
0.676696
0.679929
0.683130
0.686298
0.689435
0.692541
0.695616
0.698660
0.701673
0.704656
0.697610
0.690634
0.693727
0.696790
0.699822
0.692824
0.685896
0.689037
0.692146
0.695225
0.698273
0.691290
0.684377
0.687533
0.690658
0.693751
0.696814
0.699846
0.702847
0.695819
0.698860
0.701872
0.694853
0.687905
0.691026
0.684115
0.687274
0.690401
0.683497
0.686662
0.689796
0.692898
0.695969
0.689009
0.692119
0.695198
0.698246
0.701263
0.704251
0.707208
0.710136
0.713035
0.715905
0.718745
0.711558
0.704442
0.707398
0.710324
0.713221
0.706089
0.709028
0.701937
0.704918
0.707869
0.710790
0.713682
0.716545
0.709380
0.702286
0.695263
0.688311
0.691428
0.684513
0.687668
0.680792
0.683984
0.677144
0.680372
0.683569
0.686733
0.689866
0.692967
0.696037
0.699077
0.702086
0.695065
0.698115
0.701133
0.704122
0.707081
0.710010
0.712910
0.715781
0.718623
0.721437
0.724222
0.716980
0.719810
0.712612
0.715486
0.718331
0.711148
0.704037
0.706996
0.709926
0.712827
0.715699
0.718542
0.721356
0.714143
0.717001
0.719831
0.722633
0.725407
0.728153
0.730871
0.733562
0.736227
0.728864
0.731576
0.734260
0.736917
0.739548
0.742153
0.744731
0.747284
0.739811
0.742413
0.744989
0.737539
0.740164
0.742762
0.745334
0.747881
0.750402
0.752898
0.755369
0.757816
0.760237
0.762635
0.765009
0.767359
0.769685
0.771988
0.764268
0.766626
0.768959
0.771270
0.773557
0.775821
0.778063
0.780283
0.772480
0.774755
0.777007
0.779237
0.781445
0.783631
0.785794
0.787936
0.790057
0.792156
0.784235
0.786392
0.778528
0.770743
0.773036
0.765305
0.757652
0.760076
0.762475
0.764850
0.767202
0.769530
0.761835
0.764216
0.766574
0.758908
0.761319
0.753706
0.746169
0.748707
0.751220
0.753708
0.756171
0.758609
0.761023
0.763413
0.765779
0.768121
0.770440
0.772735
0.765008
0.757358
0.749784
0.752286
0.744764
0.737316
0.739943
0.742543
0.745118
0.747667
0.750190
0.752688
0.755161
0.757610
0.760034
0.762433
0.754809
0.757261
0.759688
0.762091
0.754470
0.756926
0.759356
0.751763
0.754245
0.756703
0.759136
0.751544
0.754029
0.746489
0.749024
0.751534
0.754018
0.756478
0.758913
0.751324
0.753811
0.756273
0.748710
0.751223
0.753711
0.746174
0.748712
0.751225
0.753713
0.756175
0.748614
0.751128
0.743616
0.736180
0.728818
0.721530
0.714315
0.717172
0.720000
0.722800
0.725572
0.728316
0.731033
0.733723
0.726386
0.719122
0.711930
0.714811
0.717663
0.720486
0.723282
0.716049
0.718888
0.721699
0.714482
0.707338
0.710264
0.713162
0.706030
0.708970
0.711880
0.714761
0.707613
0.700537
0.703532
0.706497
0.709432
0.712337
0.715214
0.718062
0.710881
0.713772
0.716635
0.719468
0.722274
0.725051
0.727800
0.730522
0.733217
0.735885
0.738526
0.741141
0.733730
0.726392
0.729128
0.731837
0.724519
0.727273
0.730001
0.722701
0.725474
0.728219
0.730937
0.733627
0.736291
0.738928
0.741539
0.744124
0.746682
0.749215
0.741723
0.744306
0.746863
0.749394
0.751900
0.744381
0.746938
0.749468
0.741974
0.744554
0.737108
0.739737
0.742340
0.744916
0.747467
0.749993
0.742493
0.745068
0.747617
0.750141
0.742640
0.735213
0.737861
0.740482
0.743078
0.735647
0.728290
0.721007
0.723797
0.726559
0.729294
0.722001
0.714781
0.717633
0.720457
0.723252
0.726020
0.728759
0.731472
0.734157
0.736816
0.729447
0.722153
0.724931
0.727682
0.730405
0.723101
0.725870
0.728611
0.721325
0.724112
0.726871
0.729602
0.732306
0.734983
0.737633
0.740257
0.742854
0.745426
0.747972
0.750492
0.752987
0.755457
0.757903
0.760324
0.762720
0.755093
0.747542
0.750067
0.742566
0.745140
0.747689
0.750212
0.752710
0.745183
0.747731
0.740254
0.742851
0.745423
0.747968
0.750489
0.752984
0.755454
0.757900
0.760321
0.762717
0.765090
0.757439
0.749865
0.752366
0.744843
0.737394
0.740020
0.742620
0.745194
0.747742
0.750264
0.742762
0.745334
0.737881
0.730502
0.733197
0.735865
0.738506
0.731121
0.733810
0.736472
0.739107
0.741716
0.744299
0.746856
0.749387
0.751894
0.754375
0.756831
0.749263
0.751770
0.754252
0.756710
0.749143
0.751651
0.754135
0.756593
0.759027
0.751437
0.753923
0.756384
0.758820
0.751232
0.753719
0.756182
0.758620
0.761034
0.763424
0.765789
0.768132
0.760450
0.762846
0.765217
0.767565
