-94.488536
-83.345394
-74.971781
-85.269630
-90.166600
-81.385872
-97.305489
-107.884080
-82.090399
-87.856005
-112.950890
-108.208625
-129.029359
-115.373350
-67.791001
-65.414496
-135.668143
-106.371530
-84.055286
-88.390556
-89.064856
-116.456017
-96.241352
-84.089689
-84.415501
-74.566443
-95.538996
-98.253413
-72.718224
-114.073985
-92.775259
-91.508810
-83.253605
-94.210002
-57.158855
-114.722588
-93.949349
-98.666279
-72.242530
-38.073754
-61.852370
-129.842796
-54.903712
-53.494127
-80.429203
-89.966359
-99.717751
-47.952715
-105.048375
-77.147533
-115.470462
-68.318874
-97.272514
-88.540889
-99.147154
-89.872707
-92.688647
-67.022146
-95.027257
-72.819871
-114.159222
-45.110821
-85.053320
-138.887815
-64.929042
-53.468887
-105.969958
-91.804926
-91.204326
-79.562340
-60.564511
-96.246229
-78.129265
-82.725231
-77.450560
-116.383623
-110.148320
-59.162667
-98.216458
-151.400437
-88.448100
-44.087961
-104.699309
-82.063361
-74.819486
-111.368990
-127.247866
-105.405802
-70.164320
-84.119556
-59.538318
-69.788499
-69.708241
-85.196561
-55.121023
-79.160192
-94.746893
-112.248139
-99.183804
-61.474134
-91.599364
-115.634417
-93.485717
-114.232924
-88.546225
-77.260036
-67.689213
-80.359680
-51.718172
-62.120264
-93.307823
-102.398450
-49.673765
-46.114360
-93.039894
-102.593920
-95.105100
-46.340048
-95.342361
-46.784615
-58.024859
-49.519468
-67.173081
-78.969595
-41.605359
-82.084015
-40.921531
-71.525192
-84.302834
-53.005878
-64.189079
-37.880433
-89.398623
-70.925014
-84.210087
-36.771345
-92.291664
-43.463084
-51.837169
-42.509682
-74.285494
-58.438533
-63.775590
-44.152940
-51.172031
-69.993751
-40.182520
-4.585839
-68.512024
-16.086906
-72.755296
-45.385572
-35.073447
22.126107
-60.288312
-46.160664
-87.598730
-81.346364
-52.184880
-23.980324
-38.893297
-35.579656
-46.069950
-49.020921
-62.230792
-34.678144
-46.842129
-39.938104
-43.350655
-66.873284
-32.062580
-49.897788
-37.559077
-51.944074
-71.297180
-14.743200
-15.943708
-24.753998
-33.249084
-57.905853
-34.530400
-54.397576
-51.208342
-37.579441
-35.642477
-79.652405
-36.903758
-8.366748
-48.613610
-19.025295
-10.553987
-52.777020
-60.074320
-71.564647
-74.042832
-39.961848
-23.969028
-19.219882
-49.340502
-30.011645
-52.734693
-77.662656
-38.350243
-81.110638
-32.698503
-23.406321
-60.408712
-35.001589
-35.993161
-53.659321
-78.370030
-20.912078
-33.784553
-41.158040
-33.992857
-30.051301
-29.485621
-60.925042
-24.799960
-45.603781
-35.625173
-47.762367
-45.943854
-10.290027
-41.633331
-29.024245
-13.670501
-77.896864
-37.557628
-28.874337
-50.646313
-47.014205
-32.994417
-56.851329
-70.947749
-55.440243
-23.386073
-28.842421
-23.736333
-28.115745
-53.378246
-37.753493
-118.543977
-53.503425
-34.739450
-32.216407
-31.339221
-26.399523
-41.160811
-33.515415
-33.871186
-35.566263
-38.948355
-67.354343
-44.354287
-17.613804
-32.537132
-32.331406
-35.103043
-41.403648
-64.936481
-30.224481
-36.008124
-24.318394
-7.945520
-23.435962
-24.955712
-47.618667
17.034707
-34.252824
-70.368314
-15.028625
-32.418266
-15.586411
-9.790272
-18.364375
-51.282668
-83.203979
-61.490182
-34.219028
-8.257621
-28.970132
-29.651127
-5.701592
-24.165145
-44.152897
0.823876
-11.002143
-38.495405
-53.090356
-26.558787
-34.202868
-18.665388
-49.942827
-34.757968
-15.190300
-20.415555
-27.628678
-37.177770
-44.723184
-17.463744
-42.867164
-41.334833
-35.393030
-12.363346
15.423699
-19.361743
-22.508904
-25.977991
-31.116636
-25.323176
-29.821910
-60.438753
-49.464863
-32.359776
-25.095524
-33.904430
-18.231513
-27.960815
-77.564872
-56.907944
-27.808706
-28.076640
-24.570469
-28.051990
-28.704345
15.585756
-35.078993
-25.666294
-0.175713
-25.320762
-19.767036
-21.392136
-21.494356
-37.329026
-59.968052
-57.277877
-27.482897
-66.515710
-44.978017
-31.381477
-26.882331
-68.741867
-60.547167
-40.558856
-58.326481
-40.332731
-73.168268
-28.645712
-32.172028
-60.963951
-45.972605
-25.429021
-36.409909
-26.754859
-31.945219
-37.278437
-66.547913
-50.328349
2.563985
-67.633743
-24.190139
-25.464641
-33.950532
-68.595794
-103.056264
-48.566825
-50.479008
-18.916158
-42.758637
-22.546433
-59.449619
-23.275885
-15.476850
-11.854638
-42.494799
-24.013944
-21.050051
-37.792629
-28.796139
-19.250416
-34.903362
-32.221877
0.700410
-9.617983
-31.988784
-19.791693
-29.442751
-45.142218
-33.390029
-75.968630
-40.061605
-68.191716
-41.948581
-58.439549
-45.197930
-28.524235
-77.612584
-53.034831
-89.126718
-26.600204
-53.206635
-50.008107
-25.178386
-26.409372
-18.802561
-55.552955
-35.481850
-20.392977
-23.239288
-79.447207
-28.125307
-13.870412
-65.927722
15.949027
-44.657546
11.493384
-34.875844
-31.587595
-64.918717
-43.508706
-37.232972
-31.517245
-25.316391
-13.418397
-21.340222
-46.015670
-28.466887
-11.262550
-61.536855
-57.659840
-32.488456
-56.136587
-35.406564
-15.428450
-24.498257
-45.139764
-22.990641
-26.125747
19.317066
-27.493986
-50.550518
-18.971931
-29.482054
-64.199735
-28.774635
-44.694956
-18.370596
-22.155947
-55.030560
-18.977830
-55.402669
-29.317561
-36.183869
-42.207787
-12.686294
-29.020739
-37.213172
-41.525137
-18.725972
-27.940638
-9.323077
-20.651391
-38.464246
-20.820635
-32.543894
-69.727845
-43.781349
-11.972455
-24.382182
-60.562952
-40.801684
-30.608416
-34.695475
-75.079884
-69.253348
-41.634127
-37.077960
-35.860808
-46.277407
-40.726711
-19.324300
-17.031997
-51.245369
-41.844919
-10.461555
-27.796427
-16.474298
-11.824808
-43.776148
-23.254731
-22.999511
-56.592440
-28.553104
-25.200353
-38.571799
-52.697472
-46.752754
-50.286718
-78.634961
-54.954380
-34.636364
-54.817268
-47.552544
-24.231883
-20.811699
-33.901582
-17.009002
-52.857081
-31.695205
-14.344997
-44.133383
-30.340919
-41.818939
-18.245905
-13.951597
-64.177262
-31.468197
-29.476255
-26.815045
-24.369053
-28.907359
-43.165777
-22.968190
-18.251140
-57.117161
-23.765835
-15.493607
-36.127595
-24.504507
-15.581060
-14.509691
-32.922651
-57.450286
-70.963907
-16.833386
-39.371470
-13.007866
-32.326971
-19.251160
-12.907541
-32.952156
-52.757788
-54.830978
-33.838159
-37.551969
-52.376454
-9.293424
0.895067
-63.080627
-44.488406
-39.599625
32.260485
-46.023037
-40.848900
-86.897799
-53.825805
-21.448525
-48.891818
-33.140499
-22.463116
0.887895
-23.762663
-25.813767
-45.886803
-43.683643
-60.774160
-63.686209
-21.391740
-31.785395
-47.800242
-37.056965
-34.776042
-33.035963
-41.151024
-44.567346
-45.355187
-54.856322
-45.905125
-45.294395
-9.442233
-1.196303
-17.804129
-22.903716
58.523280
-58.598718
-44.792973
-56.351164
-34.211062
-80.111525
-48.134972
-79.042024
-75.716167
-95.314819
-69.524451
-39.697507
-79.202209
-66.140321
-60.242235
-49.963991
-58.719339
-57.426995
-32.673349
-62.157212
-39.012936
-59.269074
-65.996446
-42.284023
-53.281081
-82.912156
-11.715437
-78.243105
-41.889351
-26.527181
-41.203710
-64.417686
-33.623904
-47.707009
-22.404146
-31.850917
-63.318920
-56.865874
-59.239604
-39.611468
-14.924418
-80.526711
-63.328057
-52.402529
-78.160595
-66.211351
-55.194837
-28.357436
-19.072114
-29.112403
-50.985178
-32.524523
-15.568636
-68.131531
-49.264793
-25.313461
-46.777979
-18.553551
-55.163337
-26.439569
-23.894316
-41.101477
-40.948860
-39.530681
-18.582651
-47.280809
-46.189925
-28.111664
-29.457880
-47.756782
-56.009727
-50.872724
-58.946186
-118.045051
-33.278730
-38.972400
-28.767134
-50.245671
-27.701168
-37.420139
-41.518415
-35.347892
-26.980037
-58.495140
-43.857238
-42.513885
-31.535441
-62.424019
-37.308168
-56.021687
-59.919561
-31.347075
-39.074075
-33.657174
-24.134109
-100.020697
-63.778236
-82.911866
-91.409903
-80.478747
-86.538485
-28.681717
-45.192880
-26.952071
-42.756331
-25.831513
-46.841508
-35.727836
-35.686575
-10.617178
-24.432083
-44.130653
-28.478447
-24.736108
-30.236908
-30.321065
-98.778125
-26.475146
-44.374521
-34.098229
-58.419804
-31.711628
-29.713369
-44.098281
-12.168833
-46.466559
-47.921555
-53.771288
-51.458466
-23.249365
-59.027160
-71.506585
-43.423300
-78.940265
-30.564773
-40.170387
-30.101380
-57.101552
-36.228359
-48.175062
-56.349314
-46.527833
-24.480109
-27.349718
-44.237467
-57.625350
-30.543462
-49.161198
-24.932646
-39.874192
-22.273732
-73.590663
-61.285715
-64.010233
-57.826060
-52.103391
-67.321923
-22.370479
-37.510996
-87.104121
-86.357406
-47.941253
-31.259151
-38.306139
-36.918202
-47.220171
-41.402712
-31.192559
-44.515783
-21.927835
-31.404991
-4.058177
-64.591057
-21.021344
-48.048869
-22.583704
-40.175850
-32.515992
-32.610461
-35.997290
-49.526981
-38.172274
-5.926350
-49.163305
-53.116014
-67.115590
-35.737040
-34.979658
-31.881054
-85.853959
-30.715278
-38.286362
-31.822065
-31.227830
-32.246446
-35.140960
-36.426045
-33.912981
-28.515849
-33.066178
-37.680891
-43.446248
-26.678115
-28.398307
-33.611468
-31.136258
-29.125887
-36.830456
-35.671855
-29.437819
-31.643161
-21.155036
-25.521878
-27.079595
-61.082788
-28.851668
-27.730153
-40.628996
-73.352038
-63.234858
-60.321537
-58.028819
-56.108896
-64.127730
-22.730270
-25.352471
-13.955904
-29.764122
-54.969903
-27.986276
-33.035177
-36.334745
-41.605613
-37.659914
-35.872476
-57.604705
-31.188658
-33.335630
-42.235916
-40.744187
-22.533421
-56.542255
-24.228104
-37.430252
-28.519245
-18.352245
-26.316970
-38.502656
-32.383918
-23.953964
-30.224662
-48.216406
-26.014964
-34.680766
-45.717566
-8.831511
-17.848397
-18.000523
-25.734718
-63.093426
-37.635232
-33.112223
-35.223963
-25.081381
-31.644727
-23.943535
-51.675654
-21.812435
-39.240723
-33.334392
-46.078572
-58.424834
-56.001644
-26.701250
-29.782764
-31.490717
-41.821070
-47.272188
-29.519587
-25.066184
-38.730854
-36.960170
-5.124959
-35.655688
-18.210135
-16.105142
-28.318617
-4.995933
-21.811412
-19.946308
-21.092312
-14.877180
-21.007810
-16.464329
-15.713584
-43.834041
-25.538053
-32.575477
-50.279667
-22.317953
-12.130802
-59.952939
-33.207032
-31.134748
-26.208259
6.846759
-25.438715
-35.564369
-18.309535
-75.193048
-28.852532
-42.886612
-35.477009
-26.151034
21.715613
-58.209683
-0.805969
-24.319887
-29.469152
-50.969246
-4.725290
-47.791105
-76.547366
-76.171567
-48.635464
-57.140504
-55.770850
-76.635609
-43.550047
-73.432281
-38.772197
-29.559097
-23.935959
-49.422411
-35.313035
-25.759556
-18.025524
-38.855891
-27.335728
-54.901882
-66.082011
-93.200782
-81.170850
-100.653869
-18.241012
-44.902780
-32.194785
-43.796379
-73.939353
-55.762140
-39.306911
-22.627142
-12.483270
-60.903678
-60.324932
-89.047329
-58.433204
-52.786952
-45.310022
-28.645792
-37.624076
-42.059734
-47.307078
-21.165628
-49.345247
-26.986295
-78.516392
-88.071300
-63.137733
-82.979518
-44.156392
-24.757676
-15.799003
-40.620617
-31.537577
-31.335015
-106.464022
-57.804757
-62.532724
-44.587042
-96.555856
-76.747046
-88.838544
-95.200075
-56.784265
-99.746929
-65.679760
-55.617458
-74.296329
-85.059301
-90.876308
-82.385288
-38.202511
-24.451089
-25.674535
-35.179699
-75.519611
-76.711074
-39.379408
-39.262711
-29.978473
-65.703858
-67.846865
-77.426343
-61.531672
-41.838581
-25.108843
5.151664
-31.059522
-20.038222
-33.052201
-51.157611
-22.366929
3.118704
-38.407481
-30.215808
