0.000000
0.000000
0.000000
0.000000
0.000000
0.000000
0.000000
0.000000
0.000000
0.000000
0.000000
0.000000
0.000000
0.000000
0.000000
0.000000
0.000000
0.000000
0.000000
0.000000
0.000000
0.000000
0.000000
0.000000
0.000000
0.000000
0.000000
0.000000
0.000000
0.000000
0.000000
0.000000
0.000000
0.000000
0.000000
0.000000
0.000000
0.000000
0.000000
0.000000
0.000000
0.000000
0.000000
0.000000
0.000000
0.000000
0.000000
0.000000
0.000000
0.000000
0.000000
0.000000
0.000000
0.000000
0.000000
0.000000
0.000000
0.000000
0.000000
0.000000
0.000000
0.000000
0.000000
0.000000
0.000000
0.000000
0.000000
0.000000
0.000000
0.000000
0.000000
0.000000
0.000000
0.000000
0.000000
0.000000
0.000000
0.000000
0.000000
0.000000
0.000000
0.000000
0.000000
0.000000
0.000000
0.000000
0.000000
0.000000
0.000000
0.000000
0.000000
0.000000
0.000000
0.000000
0.000000
0.000000
0.000000
0.000000
0.000000
0.000000
0.000000
0.000000
0.000000
0.000000
0.000000
0.000000
0.000000
0.000000
0.000000
0.000000
0.000000
0.000000
0.000000
0.000000
0.000000
0.000000
0.000000
0.000000
0.000000
0.000000
0.000000
0.000000
0.000000
0.000000
0.000000
0.000000
0.000000
0.000000
0.000000
0.000000
0.000000
0.000000
0.000000
0.000000
0.000000
0.000000
0.000000
0.000000
0.000000
0.000000
0.000000
0.000000
0.000000
0.000000
0.000000
0.000000
0.000000
0.000000
0.000000
0.000000
0.000000
0.000000
0.000000
0.000000
0.000000
0.000000
0.000000
0.000000
0.000000
0.000000
0.000000
0.000000
0.000000
0.000000
0.000000
0.000000
0.000000
0.000000
0.000000
0.000000
0.000000
0.000000
0.000000
0.000000
0.000000
0.000000
0.000000
0.000000
0.000000
0.000000
0.000000
0.000000
0.000000
0.000000
0.000000
0.000000
0.000000
0.000000
0.000000
0.000000
0.000000
0.000000
0.000000
0.000000
0.000000
0.000000
0.000000
0.000000
0.000000
0.000000
0.000000
0.000000
0.000000
0.000000
0.000000
0.000000
0.000000
0.000000
0.000000
0.000000
0.000000
0.000000
0.000000
0.000000
0.000000
0.000000
0.000000
0.000000
0.000000
0.000000
0.000000
0.000000
0.000000
0.000000
0.000000
0.000000
0.000000
0.000000
0.000000
0.000000
0.000000
0.000000
0.000000
0.000000
0.000000
0.000000
0.000000
0.000000
0.000000
0.000000
0.000000
0.000000
0.000000
0.000000
0.000000
0.000000
0.000000
0.000000
0.000000
0.000000
0.000000
0.000000
0.000000
0.000000
0.000000
0.000000
0.000000
0.000000
0.000000
0.000000
0.000000
0.000000
0.000000
0.000000
0.000000
0.000000
0.000000
0.000000
0.000000
0.000000
0.000000
0.000000
0.000000
0.000000
0.000000
0.000000
0.000000
0.000000
0.000000
0.000000
0.000000
0.000000
0.000000
0.000000
0.000000
0.000000
0.000000
0.000000
0.000000
0.000000
0.000000
0.000000
0.000000
0.000000
0.000000
0.000000
0.000000
0.000000
0.000000
0.000000
0.000000
0.000000
0.000000
0.000000
0.000000
0.000000
0.000000
0.000000
0.000000
0.000000
0.000000
0.000000
0.000000
0.000000
0.000000
0.000000
0.000000
0.000000
0.000000
0.000000
0.000000
0.000000
0.000000
0.000000
0.000000
0.000000
0.000000
0.000000
0.000000
0.000000
0.000000
0.000000
0.000000
0.000000
0.000000
0.000000
0.000000
0.000000
0.000000
0.000000
0.000000
0.000000
0.000000
0.000000
0.000000
0.000000
0.000000
0.000000
0.000000
0.000000
0.000000
0.000000
0.000000
0.000000
0.000000
0.000000
0.000000
0.000000
0.000000
0.000000
0.000000
0.000000
0.000000
0.000000
0.000000
0.000000
0.000000
0.000000
0.000000
0.000000
0.000000
0.000000
0.000000
0.000000
0.000000
0.000000
0.000000
0.000000
0.000000
0.000000
0.000000
0.010000
0.009900
0.009801
0.009703
0.009606
0.009510
0.009415
0.009321
0.009227
0.009135
0.009044
0.008953
0.008864
0.008775
0.008687
0.008601
0.008515
0.008429
0.008345
0.008262
0.008179
0.008097
0.008016
0.007936
0.007857
0.017778
0.017600
0.017424
0.027250
0.026978
0.026708
0.026441
0.026176
0.025915
0.025656
0.025399
0.025145
0.024894
0.024645
0.024398
0.024154
0.023913
0.023673
0.023437
0.023202
0.022970
0.022741
0.022513
0.022288
0.022065
0.021845
0.021626
0.021410
0.021196
0.020984
0.020774
0.020566
0.020361
0.020157
0.019955
0.019756
0.019558
0.019363
0.019169
0.018977
0.018788
0.018600
0.018414
0.018230
0.018047
0.017867
0.017688
0.017511
0.017336
0.017163
0.016991
0.016821
0.016653
0.016487
0.016322
0.016158
0.015997
0.015837
0.015679
0.015522
0.015367
0.015213
0.015061
0.024910
0.024661
0.024414
0.024170
0.023929
0.023689
0.023452
0.023218
0.022986
0.022756
0.022528
0.022303
0.022080
0.021859
0.021641
0.021424
0.021210
0.020998
0.020788
0.020580
0.020374
0.020170
0.019969
0.019769
0.019571
0.019376
0.019182
0.018990
0.018800
0.018612
0.018426
0.018242
0.018059
0.017879
0.017700
0.017523
0.027348
0.027074
0.026804
0.026535
0.026270
0.026007
0.025747
0.025490
0.025235
0.024983
0.024733
0.024485
0.024241
0.023998
0.023758
0.023521
0.023285
0.023053
0.022822
0.022594
0.022368
0.022144
0.021923
0.021704
0.021487
0.021272
0.021059
0.020848
0.020640
0.020433
0.020229
0.020027
0.019827
0.019628
0.019432
0.019238
0.019045
0.018855
0.028666
0.028380
0.028096
0.027815
0.027537
0.027261
0.026989
0.026719
0.026452
0.026187
0.025925
0.025666
0.035409
0.035055
0.034705
0.034358
0.034014
0.033674
0.033337
0.033004
0.032674
0.032347
0.032024
0.031703
0.031386
0.031072
0.030762
0.030454
0.030150
0.029848
0.029550
0.029254
0.028962
0.028672
0.028385
0.028101
0.027820
0.027542
0.027267
0.026994
0.026724
0.026457
0.026192
0.025930
0.025671
0.025414
0.025160
0.024909
0.024660
0.024413
0.024169
0.023927
0.023688
0.023451
0.023216
0.022984
0.022754
0.022527
0.022302
0.022079
0.021858
0.021639
0.021423
0.021209
0.020997
0.020787
0.020579
0.020373
0.020169
0.019968
0.019768
0.019570
0.019374
0.019181
0.018989
0.018799
0.018611
0.018425
0.018241
0.018058
0.017878
0.017699
0.017522
0.017347
0.017173
0.017002
0.016832
0.016663
0.016497
0.016332
0.016168
0.016007
0.015847
0.015688
0.015531
0.015376
0.015222
0.015070
0.014919
0.014770
0.014622
0.014476
0.014331
0.014188
0.014046
0.013906
0.013767
0.013629
0.023493
0.023258
0.023025
0.022795
0.022567
0.022341
0.022118
0.021897
0.021678
0.021461
0.021246
0.021034
0.020824
0.020615
0.020409
0.020205
0.020003
0.019803
0.019605
0.019409
0.019215
0.019023
0.018832
0.018644
0.018458
0.018273
0.018090
0.017909
0.017730
0.017553
0.017378
0.017204
0.017032
0.016861
0.016693
0.016526
0.016361
0.016197
0.016035
0.015875
0.015716
0.015559
0.015403
0.015249
0.015097
0.014946
0.014796
0.014648
0.014502
0.014357
0.014213
0.014071
0.013930
0.013791
0.013653
0.013517
0.013381
0.013248
0.013115
0.012984
0.012854
0.012726
0.012598
0.012472
0.012348
0.012224
0.012102
0.011981
0.011861
0.021742
0.031525
0.031210
0.030898
0.030589
0.040283
0.039880
0.039481
0.039086
0.038696
0.038309
0.037926
0.037546
0.037171
0.036799
0.036431
0.036067
0.035706
0.035349
0.034996
0.034646
0.034299
0.033956
0.033617
0.033280
0.032948
0.032618
0.032292
0.031969
0.031649
0.031333
0.031020
0.030709
0.030402
0.030098
0.029797
0.029499
0.029204
0.028912
0.028623
0.028337
0.028054
0.027773
0.027495
0.027220
0.026948
0.026679
0.026412
0.026148
0.025886
0.025627
0.025371
0.025117
0.024866
0.024618
0.024371
0.024128
0.023886
0.023648
0.023411
0.023177
0.022945
0.022716
0.022489
0.022264
0.022041
0.021821
0.021602
0.021386
0.021173
0.020961
0.020751
0.020544
0.020338
0.020135
0.019934
0.019734
0.019537
0.019341
0.019148
0.018957
0.018767
0.018579
0.018394
0.018210
0.018028
0.017847
0.017669
0.017492
0.017317
0.017144
0.016973
0.016803
0.016635
0.016468
0.016304
0.016141
0.015979
0.015820
0.025661
0.025405
0.025151
0.024899
0.024650
0.024404
0.024160
0.023918
0.023679
0.023442
0.023208
0.032976
0.032646
0.032319
0.031996
0.031676
0.031359
0.031046
0.040735
0.040328
0.039925
0.039526
0.039130
0.038739
0.038352
0.037968
0.037588
0.037212
0.036840
0.036472
0.036107
0.035746
0.035389
0.035035
0.034684
0.034338
0.033994
0.033654
0.033318
0.032985
0.032655
0.032328
0.032005
0.031685
0.031368
0.031054
0.030744
0.030436
0.030132
0.029831
0.029532
0.029237
0.028945
0.028655
0.028369
0.028085
0.027804
0.027526
0.027251
0.026978
0.026709
0.026441
0.026177
0.025915
0.025656
0.025400
0.025146
0.024894
0.024645
0.024399
0.024155
0.023913
0.023674
0.023437
0.033203
0.032871
0.032542
0.032217
0.031895
0.031576
0.031260
0.030947
0.030638
0.030331
0.030028
0.029728
0.029431
0.029136
0.028845
0.028556
0.028271
0.027988
0.037708
0.037331
0.036958
0.036588
0.036222
0.035860
0.035502
0.035147
0.034795
0.034447
0.034103
0.033762
0.033424
0.043090
0.042659
0.042232
0.041810
0.041392
0.040978
0.040568
0.040163
0.039761
0.039363
0.038970
0.038580
0.038194
0.037812
0.037434
0.037060
0.036689
0.036322
0.035959
0.035599
0.035243
0.034891
0.034542
0.034197
0.033855
0.033516
0.033181
0.032849
0.032521
0.032196
0.031874
0.031555
0.031239
0.030927
0.030618
0.030311
0.030008
0.029708
0.029411
0.029117
0.028826
0.028538
0.028252
0.027970
0.027690
0.027413
0.027139
0.036868
0.036499
0.036134
0.035773
0.035415
0.035061
0.034710
0.034363
0.034019
0.033679
0.033342
0.033009
0.032679
0.032352
0.032029
0.031708
0.031391
0.031077
0.030767
0.030459
0.030154
0.029853
0.029554
0.029259
0.028966
0.028676
0.028390
0.028106
0.027825
