-32.424088
-39.951946
-33.275833
-45.525688
-43.669762
-33.758381
-37.993599
-40.172550
-33.007286
-39.569485
-27.041067
-24.705160
-25.459755
-24.535099
-39.134567
-36.287800
-34.244473
-26.575571
-31.325033
-30.494570
-23.665340
-32.939362
-26.853344
-38.295769
-32.324871
-34.429729
-22.638325
-27.998657
-37.920647
-36.005230
-40.349411
-38.714077
-38.017200
-36.548363
-39.733059
-34.263474
-43.979492
-31.603828
-34.606266
-34.167576
-40.690899
-36.256676
-28.009380
-35.572468
-31.965191
-25.054272
-27.201471
-30.782223
-34.699467
-44.347000
-31.338722
-37.870689
-27.584751
-44.002884
-33.564434
-29.071497
-28.546707
-30.210238
-36.312359
-39.082047
-29.316120
-32.528645
-29.668112
-35.540615
-30.120068
-31.575356
-29.113504
-26.443516
-37.021656
-29.200958
-35.573322
-24.084949
-28.820702
-35.486813
-34.620831
-34.757339
-33.982552
-39.714710
-28.315601
-31.876738
-32.558609
-42.508240
-30.638630
-43.340260
-21.978220
-38.535210
-29.539228
-35.081764
-38.230614
-44.733742
-33.713657
-38.114155
-33.612041
-28.308392
-36.992241
-37.055630
-38.390110
-30.194120
-25.721889
-31.033108
-94.385971
-141.386597
-176.437592
-286.336426
-215.128036
-282.231628
-433.403320
-247.155792
-333.771118
-295.113495
-390.527161
-203.159653
-117.079994
-398.402527
-329.130951
-321.706696
-340.620789
-400.782074
-96.676544
-1.553602
-281.061951
-213.403915
-339.357635
-394.016632
-313.723114
-248.459534
44.138336
-20.703697
-20.809683
-227.380630
31.517485
-22.720304
-408.925323
75.266884
-154.874619
-148.476776
-152.575562
131.658707
-41.756863
-8.227623
-12.674701
-226.356400
-129.106705
34.316929
-38.881649
-65.242104
-44.249947
30.510342
197.211014
32.960938
-109.450081
-143.978851
-250.476883
73.775116
-110.446571
73.297607
-104.014114
24.638092
-54.215183
145.180298
-316.155945
116.753624
-276.910706
-376.161011
-262.498993
-293.253113
-181.028183
180.851654
-368.697174
59.960262
116.004280
-29.208597
148.073090
-110.426140
-250.069122
-112.843773
-166.123566
136.285400
59.101730
-329.022003
-140.389664
-202.512512
-381.365967
-205.963120
-110.746880
-75.359146
-0.331681
-109.850616
-254.266190
161.950546
-164.976807
-123.195404
-130.731262
-126.723602
-39.203617
-304.939392
-242.821564
-47.308918
-29.355564
-250.283783
-235.561478
-91.400047
221.678726
-18.495607
-62.270573
126.074638
-88.060555
138.569138
-217.462982
-64.763519
-171.877075
41.693314
-66.615150
-60.283062
1.457853
-97.562851
150.444809
-352.026917
40.213181
171.386658
-140.825302
-208.221390
50.387531
-163.071762
155.014481
110.636703
-63.785686
-57.337055
-248.186951
-26.543488
-69.520195
-275.325775
106.960670
63.683979
-245.793549
-292.018585
-106.231483
85.438263
212.134109
-37.615807
-4.894048
-31.888643
-128.422134
116.255508
110.114120
221.991394
-121.495102
-227.496231
153.464844
216.971420
-55.514851
5.398484
-0.477552
206.074295
139.742706
-78.777458
-98.844208
-63.494534
14.204370
-50.071167
-131.775162
-211.175217
-22.325237
78.207352
-66.662514
4.949930
-16.900900
-130.884430
-149.398621
-116.705482
165.160492
-63.614811
-53.461754
5.228448
40.022270
-114.681274
-142.172012
-116.118858
148.264359
-111.010368
45.297340
47.957561
-80.129517
84.128014
-105.984352
-123.994164
-320.789917
262.288910
-68.077866
-79.857368
79.571449
-86.964043
112.350441
-77.382523
158.571335
169.389923
-118.010605
215.331833
-149.923218
-254.504974
8.215160
42.878571
-15.479638
-253.495132
138.827148
-91.212852
66.920959
160.249237
-68.090385
199.502686
89.739578
-104.142838
27.108721
-54.926418
-199.951157
151.822830
-77.565338
60.879333
146.944244
-217.383163
230.715179
-56.637005
-31.430082
-56.173412
-325.737427
-135.322830
-54.137974
-50.706116
-54.140659
-60.677700
-89.190247
-136.061111
-46.392647
-99.058578
-155.791962
-47.160175
-48.254513
-218.134796
83.912529
-57.765224
117.830254
30.857716
223.472107
-286.181030
-79.990768
258.950012
165.856979
-143.858673
232.135666
-12.909465
-104.365883
454.684357
98.096695
-111.433212
-91.450859
131.574982
-177.101532
-200.387344
-40.540005
-82.533249
-135.872711
-39.858543
-134.338577
-134.304504
-94.158058
0.322090
332.119019
-84.162956
-90.490700
-90.654037
-96.686104
-50.407501
-63.314819
-144.486481
-76.198227
-90.929039
-71.680435
-309.551971
-56.278229
254.808975
-44.983265
119.259476
212.633118
-35.393948
-153.703583
14.576872
-98.526711
-218.762558
-211.000183
360.218658
2.015539
-104.689445
-35.716736
-38.884361
-44.331387
-103.715942
281.755554
-92.573135
-146.387772
-143.801971
-125.100853
-407.238068
-146.987000
-6.427851
-107.284775
303.679901
193.272110
-29.488321
424.493683
152.672318
227.313461
-155.982971
-54.123726
-22.172916
-95.491974
-89.987930
-319.379822
-157.055588
11.546769
-151.970718
138.446274
24.430607
202.110199
-22.599525
-253.649628
-120.451988
9.185921
-74.026382
105.123077
189.959030
348.997253
-103.383438
30.411512
187.982224
364.492950
364.909943
554.669006
44.916012
-132.418457
-106.046692
-66.947319
26.418249
1.933411
-7.643876
-176.643311
35.407169
-174.374130
-21.214140
-281.883667
182.819748
81.605255
62.217606
528.334106
-339.083099
189.999481
61.658363
-89.686729
313.784424
-77.016479
-217.219925
66.965401
-63.776409
-135.710403
519.978455
-201.050201
-28.213089
-145.525208
84.524452
-83.534935
659.820618
196.501007
-149.152206
-232.692352
-389.326111
-31.507753
-3.885190
241.848572
-205.361343
-175.125626
-70.992897
-131.992859
316.290253
-329.771790
55.204174
77.525734
-11.815914
-91.012573
88.157600
21.096018
15.832099
304.543884
176.483398
-79.816780
58.144512
-392.871948
55.346649
-50.255230
-43.189465
751.449036
-48.441460
-46.279198
34.315498
10.537893
-310.222565
283.520172
79.854752
82.341248
37.057568
141.247696
227.711517
-320.971558
230.159042
183.271255
35.055889
81.286011
226.541611
-551.367981
96.651199
-57.957329
96.332161
-6.837597
291.489960
385.825592
-118.366470
-59.640072
-182.895874
198.796967
278.393799
303.084412
-190.608932
-126.561111
-61.997578
260.832520
53.046810
527.327087
-145.013336
349.987732
-89.800758
-164.504288
-196.392395
167.033447
-206.373749
331.108459
317.685883
169.834747
-165.218613
282.141571
-267.561523
121.224419
209.066284
399.401306
626.660095
220.998138
-329.369415
-202.056793
307.156677
-229.844299
-17.453810
501.996521
444.739014
538.324951
41.277390
677.434448
157.703842
14.539390
422.033142
-140.205444
387.056427
320.626251
82.405281
5.540356
-137.415237
-342.015045
96.798119
254.507080
599.916199
70.478249
95.985664
-607.547852
236.461014
8.128306
348.267120
212.157074
481.237518
182.140259
373.488251
-27.414993
36.778721
124.337784
523.967529
220.667755
-92.877831
29.964542
402.764771
403.330627
-36.928764
486.091675
-134.699997
106.186005
325.070984
122.154762
184.000916
381.843994
210.107727
266.187897
213.087372
-55.904163
599.136597
84.296906
-48.913143
-266.902618
-19.367382
77.324074
-10.193063
459.258514
353.502502
-218.649719
-155.297531
-112.063499
228.256454
585.291626
-43.858974
195.605301
-172.386505
141.889175
85.432381
380.201691
-339.830597
372.309418
13.531178
25.529982
259.097839
-26.886448
554.755432
-223.751266
283.718903
127.865799
13.756271
-7.282273
-71.578476
305.499481
594.256348
-135.313141
127.704285
446.548798
19.341736
-161.236603
232.721252
-43.410782
-240.969269
207.724609
159.240753
-30.952400
-163.317825
40.261158
468.631134
291.920715
274.221771
160.329620
-255.295547
184.177887
37.787708
121.903702
-0.459651
307.922821
524.190063
281.319366
-17.466177
-103.157463
95.313957
339.770508
161.008377
1.625340
240.579651
124.952156
-143.629272
212.231491
106.696358
203.847992
507.674316
148.793182
-100.940094
218.632095
-171.461288
262.410187
650.652893
2.730263
-138.415375
128.905579
487.030243
360.733765
-197.001923
-55.474197
58.093044
434.636169
10.688611
-306.110870
141.862625
-110.258675
491.738464
-141.178284
66.315979
269.329468
-61.879463
290.326996
-109.020920
-108.639954
52.131390
20.442631
-82.632263
466.172455
422.512573
122.671509
-120.313759
-32.678123
346.008911
120.624069
73.351357
368.431793
225.161194
148.707947
198.484818
-57.019138
-160.701965
-228.744019
502.036011
524.434570
123.689072
137.316040
-128.365097
359.608246
-53.829365
183.309738
250.414078
416.648468
222.701965
369.901825
390.348511
-35.324726
286.056763
64.917076
515.900696
471.170624
182.179733
315.653656
318.277405
169.466904
240.825012
181.783737
125.790733
208.601913
367.211731
215.497345
461.106781
707.799438
274.746490
655.064819
359.607086
626.828979
422.187378
184.963928
525.971924
192.935806
292.664368
394.412262
528.804260
233.199966
642.034485
221.923798
321.145386
-118.145493
62.491516
205.429382
554.185181
636.676880
388.192841
-45.705532
459.106354
597.301331
444.287689
130.002335
-144.192322
319.681793
235.526535
294.001617
408.091431
81.040985
65.167152
148.491135
395.494690
-105.481560
2.188222
452.074341
323.510864
258.915497
513.560547
319.457855
291.525787
286.580505
424.058441
366.672150
323.313293
584.373108
167.339523
137.665604
339.901642
499.493347
214.223297
323.692139
422.099609
577.855225
-44.789505
-85.955444
-11.444820
576.648071
584.433716
594.218384
596.068970
661.612427
426.069794
166.505127
-266.293762
-108.002129
327.816467
-116.261070
-459.322174
289.263245
391.212616
157.628876
159.120651
790.496338
399.820251
149.888138
161.406189
81.631393
562.902527
120.984428
235.814697
67.719742
275.307404
-48.400055
440.519989
699.965332
-125.430641
106.940605
600.444824
-53.589207
178.593994
201.626709
-25.005642
-315.953033
201.599197
512.869385
17.687172
631.652893
856.795166
574.781982
-382.588776
90.450623
-372.847961
-212.760712
548.788757
296.392120
7.646288
-95.939293
296.583832
-210.322449
875.239258
212.540695
61.479073
-318.683929
536.998474
660.101746
-35.372845
217.769547
231.357437
414.519104
280.237823
588.282959
350.600830
-32.787956
92.471863
450.889069
-45.973831
483.041840
-148.375885
-55.206013
720.730835
169.485916
643.228943
638.208435
319.411987
148.018097
198.494186
-309.694489
29.230686
-250.097885
137.306442
256.124512
279.388550
705.250427
233.820740
274.511017
101.266663
76.868370
644.023987
81.360245
589.968262
875.357483
724.013428
781.727600
246.826080
513.486572
84.254662
110.261963
428.944000
363.666412
-242.176819
14.654908
105.112167
536.702576
-428.419067
-76.050568
205.319519
487.643036
341.628815
157.560822
87.263397
513.911133
339.804321
767.100403
452.558441
490.039154
279.133026
-215.811493
47.728264
474.915466
-20.817877
532.995850
527.706299
564.797913
-289.693512
145.312027
30.064323
632.118652
728.324768
145.668549
585.723389
406.757690
481.645020
-13.480928
523.621094
631.289368
729.893494
-72.937927
264.391327
249.474243
716.050781
-287.368683
583.782898
811.399414
123.841263
765.278809
89.446899
154.511841
219.389633
29.976736
720.796997
120.489731
622.467224
-281.755371
118.560928
92.919891
12.502804
211.386993
748.329224
24.113182
-109.418587
635.585266
91.810135
366.687714
840.748901
360.619781
895.703735
333.870758
756.679138
321.167023
80.838646
-26.684061
96.755043
323.143494
246.456970
724.826660
249.112701
312.701660
179.599411
149.855606
-71.088455
365.865509
-210.812225
