-0.450000 0.450000 0.700000
-0.460000 0.400000 0.710000
-0.470000 0.370000 0.710000
-0.470000 0.310000 0.710000
-0.480000 0.270000 0.710000
-0.480000 0.220000 0.720000
-0.480000 0.220000 0.720000
-0.470000 0.130000 0.730000
-0.460000 0.120000 0.740000
-0.420000 -0.020000 0.700000
-0.420000 -0.070000 0.700000
-0.420000 -0.120000 0.700000
-0.420000 -0.170000 0.700000
-0.410000 -0.210000 0.710000
-0.420000 -0.260000 0.710000
-0.430000 -0.300000 0.710000
-0.440000 -0.340000 0.710000
-0.440000 -0.370000 0.710000
-0.450000 -0.410000 0.700000
-0.460000 -0.450000 0.700000
-0.470000 -0.490000 0.710000
