-72.598515
-104.749666
-106.169007
-99.229928
-86.279183
-83.441249
-127.872970
-116.862426
-130.203924
-98.375567
-91.686141
-74.356102
-113.797204
-56.473452
-108.278699
-105.699994
-96.226273
-75.711086
-84.792488
-90.791006
-81.889041
-97.181290
-91.884130
-141.512630
-53.206156
-102.261037
-36.889450
-76.989519
-108.013848
-118.906862
-83.764325
-85.613009
-76.497722
-90.598782
-132.477748
-53.456349
-105.515254
-85.194637
-99.635195
-53.549401
-137.047665
-54.296550
-84.675945
-74.939625
-93.023655
-45.399001
-103.131446
-56.949273
-99.622170
-88.494604
-38.226703
-102.716194
-76.691659
-107.979147
-128.953643
-49.541708
-81.589901
-93.088396
-103.014458
-121.610562
-99.676587
-106.504950
-91.473123
-102.577077
-93.207324
-89.286068
-41.852052
-86.562566
-72.541238
-41.016517
-92.455473
-48.544082
-89.242464
-43.497912
-114.975481
-108.302325
-101.548663
-98.370876
-119.647752
-95.796126
-107.606231
-93.839471
-90.813732
-138.576432
-43.158895
-97.625392
-47.440583
-99.667109
-65.578673
-86.162188
-90.524913
-79.723316
-106.726463
-84.955402
-89.805389
-93.265579
-107.933426
-63.205748
-72.791849
-106.586630
-105.003932
-101.996207
-91.677972
-104.841727
-70.932850
-81.115493
-107.817132
-59.268518
-76.761385
-68.265123
-82.913222
-40.871988
-39.052169
-98.653005
-71.683265
-78.657077
-76.160097
-78.608236
-40.344459
-4.020896
-66.170800
-74.047188
-63.151903
-77.105014
-64.669828
-47.477512
-10.803496
-28.021073
-32.193123
-65.275827
-24.196359
-28.485700
-74.909740
-21.204445
-41.746624
-35.458856
-41.399290
-18.478235
-26.735043
-31.309507
-16.933260
-68.839035
-41.027195
-21.318014
-33.034291
-36.407069
-34.781609
-20.426403
-6.454682
-5.286115
-45.203640
-48.646330
-57.073831
-17.164075
-50.307872
-15.469478
-28.094028
-25.018523
-37.337359
2.092456
-54.599498
-22.165412
-39.620154
-74.698763
-78.862202
-76.474248
-57.243419
0.232953
-69.995795
-14.107707
-6.831499
-32.176216
-30.990289
-34.923021
-68.042764
-26.954620
-30.724011
-9.257002
-32.964729
-56.412823
-48.040054
-45.745299
-65.435022
-54.698832
-39.338499
-31.552704
-6.564030
-34.769853
-55.758410
-15.241700
-42.130638
-39.206397
-42.564999
-41.886766
-34.179190
-56.852694
-52.947139
-28.493073
-28.170711
-46.904638
-56.362877
-48.158896
-14.123290
-29.379571
-43.695269
-14.949978
-40.151791
-15.009523
-49.905535
-28.824945
-54.137671
-24.376582
-31.524774
-27.995003
-30.513574
-36.218286
4.177132
-66.046983
-30.387217
0.040853
-40.137911
-48.850078
-19.050902
-45.101129
-24.971602
-4.125233
-41.866488
-32.594214
-65.135008
-26.730152
-29.236284
-51.139780
-15.275225
-21.140636
-52.188145
-54.173592
-33.702413
-14.607255
-5.797542
-27.059724
-13.487271
-37.129005
-41.172449
-25.317025
-2.521914
-20.272738
-39.620124
-49.687681
-24.879476
-4.447653
-33.836518
-28.300776
-29.458478
17.642793
-18.792937
-39.058749
-31.106608
-40.645102
-27.363580
-30.317371
-29.708002
-46.285698
-22.079257
-25.369967
-29.248760
-22.040557
-18.923357
-33.272982
-43.007918
-37.221353
-15.105551
-35.518487
-50.890411
-20.239717
-24.430751
-41.964609
-40.263572
-32.107111
-14.883059
-36.172142
-19.769634
-22.388496
-32.423045
-14.037099
-38.357424
-40.250610
-84.593165
13.161648
-18.072051
-23.381930
-17.619247
-37.283351
-22.365981
-36.371800
-25.177353
-27.696545
-40.738219
-17.762664
-36.290147
-53.629466
-29.287392
-10.604379
-33.670224
-59.295385
-8.817665
-29.667127
-8.657265
32.498767
-34.786349
1.776532
-27.889355
-32.367186
-19.164007
-18.063957
-58.066127
-22.012923
-21.406609
-8.286802
-7.642919
-60.841932
4.719065
-31.994603
-33.574877
-21.212240
-57.846420
-36.756804
-30.325206
-24.632683
-16.811083
-25.555755
-24.284653
-37.402409
-23.999282
-34.806190
-38.825171
-5.759440
-22.271301
-43.982598
-29.664403
-15.574707
1.414250
-19.599051
-14.085848
-61.148825
-25.522423
-24.423291
-7.981454
-30.506836
-28.194528
-25.613784
-34.094235
0.955837
-23.802374
-23.880297
-28.629118
-5.175478
-31.373938
-46.052861
-31.424991
-33.367297
-31.375841
-24.971679
-38.608957
-25.023232
-28.485188
-34.918968
14.943241
-29.984814
-31.805138
-34.680683
-29.913701
-31.478643
-31.384300
-30.015214
-27.784022
-27.830943
-47.988332
-55.443683
-14.038582
15.736719
-25.655318
19.049530
-3.310993
-19.968206
-29.493728
-16.263011
-43.648294
-64.986721
-58.940998
-18.258181
-16.405750
-23.022815
-17.440151
-5.038308
-29.308786
-29.439736
3.111943
-29.525100
-39.445878
-40.603185
-57.647309
-103.556068
-51.131445
-27.657732
-31.955397
-9.619500
23.718027
-34.673791
21.995564
22.926865
-11.154200
-42.214239
-21.022451
-11.811354
-27.067555
-33.737893
-42.825627
-46.553515
-13.409394
-35.434999
0.796754
-21.949906
-14.565589
-0.348691
-52.547488
-36.370341
-10.893162
-16.079218
-21.083453
-0.258671
-28.577234
-29.939573
-23.262038
-25.533756
-13.150812
16.921286
-11.996832
-30.994881
-35.743436
-30.632502
-39.383340
-10.743329
-30.279017
-23.918474
-39.135086
-4.316146
-30.813554
-19.724779
-63.031669
-8.082995
-16.167446
-16.281328
-13.862256
-56.334365
-29.955929
-20.449402
-39.702358
24.045284
-20.402431
-43.199185
-20.236052
-26.096172
-30.887484
-12.125944
-45.300194
-22.734755
-14.799922
8.723288
-30.924184
40.268107
32.871351
-36.461738
-50.943370
-66.055219
-11.031240
-22.908753
-4.621369
-35.002555
-41.235212
-20.264486
-33.014348
9.064831
-77.231654
-28.618402
-21.510862
-23.569486
-37.248933
-22.683109
-10.571751
-29.564873
-19.107471
-10.887411
-25.255884
-26.105632
-85.019516
-5.963036
-29.946327
-15.519657
-17.081907
-53.092929
-32.567756
-21.806547
-17.299170
-69.670111
-11.499359
21.100729
-1.114753
13.462463
-4.869787
27.511027
-87.695690
31.777353
-5.301657
-17.449259
-24.936759
-13.828238
-95.429155
-20.745829
-26.885255
-15.476840
-24.522895
-12.519467
4.191457
-42.413779
-17.661520
-25.467648
0.187224
-6.639340
7.163449
-41.861351
-24.274356
-41.904871
4.177883
-64.005741
38.374790
-37.834218
10.686673
-43.970868
-24.162533
-54.574180
-15.127758
-38.062120
-5.556373
30.871362
-6.314415
-50.588127
29.838584
-36.477656
-25.337039
-14.056529
-4.262883
-19.965278
-14.952091
-83.347622
-44.071952
34.702299
-46.970793
-29.360776
-5.062180
-8.956979
-25.545411
-33.823898
-12.100533
-19.566888
-23.389207
-25.748851
-32.570050
-12.881031
-12.213717
-29.050131
-24.591339
-34.792069
-111.599986
-18.949918
-8.423459
-19.496646
-62.146379
-74.198476
-116.546676
-18.406303
-22.141746
-1.443527
-27.744963
-12.188450
-14.624816
-14.400832
-23.432449
-19.652461
-24.228052
34.956416
-47.898030
-24.019612
-31.010897
-15.420604
-2.437157
-36.547129
-13.609231
-39.334287
-21.045171
-19.659587
-2.610179
-6.898722
-38.030639
-29.449802
-27.865859
-33.938161
-24.555187
15.530077
-25.751064
-33.347094
-73.046641
-29.264105
-31.565760
-19.573870
36.772662
-8.708707
-57.213927
-21.525688
-31.943714
-21.989521
-16.796563
-48.475122
6.298536
-65.758970
-14.437224
-30.815847
-16.130865
-68.689707
-6.518461
-13.463305
-24.444475
34.718065
-45.960732
18.408367
-33.875641
-16.317572
-34.314124
-14.050304
-12.313717
-67.122678
-26.775592
-21.088932
-36.921396
-22.562427
-14.705672
-9.934754
-36.888609
-7.299613
-6.788234
-42.994155
-30.281358
20.718138
-8.354910
-43.111938
-50.137559
-25.664629
-19.313817
-22.601870
-18.119742
-42.571439
-18.847413
-11.691721
-18.834841
-26.137189
30.520741
-4.474042
-35.565762
-39.594096
-31.630264
-17.150944
-4.234298
-14.581904
-28.196748
-25.740302
-0.305156
-35.471875
-19.890233
-8.375646
-19.668947
20.923244
10.328134
-27.803095
31.631232
-52.267237
-0.811643
27.705007
-73.458163
-28.617581
-20.404804
-8.574358
-34.646442
-92.291982
-51.811577
-26.020363
-5.687513
-44.116385
-104.689532
-30.435318
-46.147997
-9.418837
-94.791863
-32.140031
-41.551081
-14.395075
-37.122017
-39.051284
-67.044552
-36.963201
-2.549835
-22.609960
-37.658707
10.288309
11.081556
-41.401715
-41.766695
-18.757876
14.365444
-15.369807
-22.781128
-26.469307
21.935288
13.731101
-18.892479
-89.503996
-55.858762
24.042812
-12.978982
19.191031
-29.503117
-27.502362
-12.701397
-35.689799
-18.020311
-20.306953
-27.523103
-4.047953
13.200323
37.884550
-31.804462
-32.658629
-19.653080
-8.249999
-1.355117
-4.534622
-28.237191
1.054413
-36.833515
-30.312162
-28.005456
-38.197849
-3.995452
-20.736499
17.782927
-16.572370
-22.568689
3.108729
-14.086663
-1.184031
-14.321479
-16.003205
-21.787380
-3.327290
-42.848844
9.430102
29.025938
31.658502
-18.312793
23.309113
31.854821
-8.134885
-58.874446
-31.115913
-15.101323
-8.027966
-39.175556
-6.451736
-42.194695
5.584797
20.599784
32.027275
-2.568577
-48.920816
6.543475
-3.023553
-8.001761
34.877691
-21.427606
-29.863810
-15.517786
-13.841825
-63.224595
-76.489434
3.789752
-20.545523
-19.584363
-24.404079
-2.391314
-16.852759
15.347441
-20.416766
-10.945117
-26.085376
-16.497552
-17.887119
-19.017551
-6.879197
41.192981
-29.083409
-22.520491
-11.128072
-27.006679
-38.234003
-27.681233
-34.247846
-8.115262
-18.981225
1.762413
-1.247358
50.936290
22.818502
-12.727485
-100.652293
-71.730885
-23.507816
-49.497359
-99.161222
-20.278228
-3.039851
-8.346177
-7.534720
20.511396
-14.592318
-26.225860
-16.447626
-17.793792
-14.815337
-20.612458
20.893040
-28.541283
-22.551584
-31.076525
-13.066462
7.758041
-38.772558
-22.626326
-21.871162
-26.983471
-67.353729
-19.016492
-37.476841
-65.106410
-37.498759
6.408144
-28.254373
4.005304
-4.233750
6.779817
-78.822761
-61.633259
-62.150612
-51.510729
-4.935038
15.058529
-37.470631
-60.234715
-13.624751
-58.311471
-13.067692
-16.954144
-17.458436
-107.772198
-5.756951
-3.821700
-45.906992
-26.815989
-18.199018
-7.823644
-19.610056
41.080676
-3.285844
-32.073836
-22.394988
-29.204015
-29.995118
4.729269
-67.323781
-30.974035
-5.833086
9.781470
9.607017
-23.238268
-26.935069
-14.721725
28.792434
-64.260612
-30.275116
-59.338472
-24.607378
-23.234866
-25.428078
-5.861321
-27.686494
9.574928
-17.019561
-32.976149
17.145623
-15.309466
21.222211
35.508815
13.929501
-0.710717
24.111435
-9.314800
-19.215533
-26.739091
8.798167
-12.159710
-46.923204
-38.955485
-23.568943
41.429175
-56.198477
-92.986587
-73.912437
26.776987
-56.277531
-23.974189
-21.414613
20.833708
-22.018722
-2.802403
-24.035219
-28.198267
-30.799970
-65.774507
-32.745657
-16.948234
-29.080772
-16.540466
18.696537
14.865314
-61.371220
-24.139182
-57.066787
5.578093
-1.827992
-32.566800
18.959142
-18.019250
-21.487398
-36.084919
11.790733
22.227753
21.238692
-52.125370
-17.505433
-21.000766
36.332152
-57.712917
23.732847
62.003802
-30.227336
54.898644
-38.913388
-22.252499
-36.715302
-44.865658
-20.081701
-71.542104
-13.286993
-94.942654
14.608628
-58.952331
-67.174403
-35.583660
3.282514
-41.429651
-96.068593
20.592245
-45.888815
-20.384775
-6.271693
-15.822548
8.910403
30.015368
26.639206
-7.360862
-35.413190
-42.529696
-34.040272
-18.902078
-20.174682
40.426702
-23.597749
-16.523867
-28.430803
-57.820721
-76.327078
-55.576582
-66.282946
